16
010010110110100000 22.2683604411 35.619863987 29.3923332385
010010110010100000 23.0205059843 33.6909909248 29.7587041692
011010110110100000 23.3936594419 33.4161171913 30.0768828801
010010110110100000 24.42696381887238 32.9366631508 31.01429644902985
010010110010100000 24.519060090157822 30.7523398399 30.669528058144884
010010110010100000 25.2810152697 29.196573019 31.1203298735
010010110110100000 25.5044772937 28.9425230026 31.2929818942
011010110110100010 27.0205212016 28.8703210354 32.7945854087
010010101010100010 27.9778197715 28.3810768127 33.654035134
011000111110100010 32.2250458399 25.6214559078 37.3493370215
010010110010100000 22.8754265891 36.389414072 30.1533094035
010010110110100000 23.6416739332 34.1466598511 30.4710059034
011010110010100000 24.3912825687 33.5268199444 31.0966465576
011010110010100000 25.0866039942 32.7197208405 31.6305481623

